WL=[284.0	288.0	292.0	296.0	300.0	304.0	308.0	312.0	316.0	320.0	324.0	328.0	332.0	336.0	340.0	344.0	348.0	352.0	356.0	360.0	364.0	368.0	372.0	376.0	380.0	384.0	388.0	392.0	396.0	400.0	404.0	408.0	412.0	416.0	420.0	424.0	428.0	432.0	436.0	440.0	444.0	448.0	452.0	456.0	460.0	464.0	468.0	472.0	476.0	480.0	484.0	488.0	492.0	496.0	500.0	504.0	508.0	512.0	516.0	520.0	524.0	528.0	532.0	536.0	540.0	544.0	548.0	552.0	556.0	560.0	564.0	568.0	572.0	576.0	580.0	584.0	588.0	592.0	596.0	600.0	604.0	608.0	612.0	616.0	620.0	624.0	628.0	632.0	636.0	640.0	644.0	648.0	652.0	656.0	660.0	664.0	668.0	672.0	676.0	680.0	684.0	688.0	692.0	696.0	700.0	704.0	708.0	712.0	716.0	720.0	724.0	728.0	732.0	736.0	740.0	744.0	748.0	752.0	756.0	760.0	764.0	768.0	772.0	776.0	780.0	784.0	788.0	792.0	796.0	800.0	804.0	808.0	812.0	816.0	820.0	824.0	828.0	832.0	836.0	840.0	844.0	848.0	852.0	856.0	860.0	864.0	868.0	872.0	876.0	880.0	884.0	888.0	892.0	896.0	900.0	904.0	908.0	912.0	916.0	920.0	924.0	928.0	932.0	936.0	940.0	944.0	948.0	952.0	956.0	960.0	964.0	968.0	972.0	976.0	980.0	984.0	988.0	992.0	996.0	1000.0	1004.0	1008.0	1012.0	1016.0	1020.0	1024.0	1028.0	1032.0	1036.0	1040.0	1044.0	1048.0	1052.0	1056.0	1060.0	1064.0	1068.0	1072.0	1076.0	1080.0	1084.0	1088.0	1092.0	1096.0	1100.0	1104.0	1108.0	1112.0	1116.0	1120.0	1124.0	1128.0	1132.0	1136.0	1140.0	1144.0	1148.0	1152.0	1156.0	1160.0	1164.0	1168.0	1172.0	1176.0	1180.0	1184.0 1188.0	1192.0	1196.0	1200.0	1204.0	1208.0	1212.0	1216.0	1220.0	1224.0	1228.0	1232.0	1236.0	1240.0	1244.0	1248.0	1252.0	1256.0	1260.0	1264.0	1268.0	1272.0	1276.0	1280.0	1284.0	1288.0	1292.0	1296.0	1300.0	1304.0	1308.0	1312.0	1316.0	1320.0	1324.0	1328.0	1332.0	1336.0	1340.0	1344.0	1348.0	1352.0	1356.0	1360.0	1364.0	1368.0	1372.0	1376.0	1380.0	1384.0	1388.0	1392.0	1396.0	1400.0	1404.0	1408.0	1412.0	1416.0	1420.0	1424.0	1428.0	1432.0	1436.0	1440.0	1444.0	1448.0	1452.0	1456.0	1460.0	1464.0	1468.0	1472.0	1476.0	1480.0	1484.0	1488.0	1492.0	1496.0	1500.0	1504.0	1508.0	1512.0	1516.0	1520.0	1524.0	1528.0	1532.0	1536.0	1540.0	1544.0	1548.0	1552.0	1556.0	1560.0	1564.0	1568.0	1572.0	1576.0	1580.0	1584.0	1588.0	1592.0	1596.0	1600.0	1604.0	1608.0	1612.0	1616.0	1620.0	1624.0	1628.0	1632.0	1636.0	1640.0	1644.0	1648.0	1652.0	1656.0	1660.0	1664.0	1668.0	1672.0	1676.0	1680.0	1684.0	1688.0	1692.0	1696.0	1700.0	1720.0	1740.0	1760.0	1780.0	1800.0	1820.0	1840.0	1860.0	1880.0	1900.0	1920.0	1940.0	1960.0	1980.0	2000.0	2020.0	2040.0	2060.0	2080.0	2100.0	2120.0	2140.0	2160.0	2180.0	2200.0	2220.0	2240.0	2260.0	2280.0	2300.0	2320.0	2340.0	2360.0	2380.0	2400.0	2420.0	2440.0	2460.0	2480.0	2500.0	2520.0	2540.0	2560.0	2580.0	2600.0	2620.0	2640.0	2660.0	2680.0	2700.0	2720.0	2740.0	2760.0	2780.0	2800.0	2820.0	2840.0	2860.0	2880.0	2900.0	2920.0	2940.0	2960.0	2980.0	3000.0	3020.0	3040.0	3060.0	3080.0	3100.0	3120.0	3140.0	3160.0	3180.0	3200.0	3220.0	3240.0	3260.0	3280.0	3300.0	3320.0	3340.0	3360.0	3380.0	3400.0	3420.0	3440.0	3460.0	3480.0	3500.0	3520.0	3540.0	3560.0	3580.0	3600.0	3620.0	3640.0	3660.0	3680.0	3700.0	3720.0	3740.0	3760.0	3780.0	3800.0	3820.0	3840.0	3860.0	3880.0	3900.0	3920.0	3940.0	3960.0	3980.0	4000.0];
ExT =[2.9900E-01	3.1100E-01	5.6700E-01	5.7300E-01	4.5794E-01	6.2100E-01	6.4500E-01	7.0615E-01	5.8700E-01	7.7500E-01	7.4050E-01	9.5681E-01	9.9277E-01	8.8979E-01	1.0544E+00	8.5416E-01	9.2472E-01	9.8383E-01	1.0250E+00	1.0890E+00	1.0716E+00	1.1570E+00	1.1444E+00	1.1240E+00	1.1520E+00	8.2100E-01	1.0067E+00	1.2400E+00	1.1626E+00	1.6885E+00	1.7630E+00	1.6990E+00	1.8160E+00	1.8150E+00	1.5990E+00	1.7080E+00	1.6510E+00	1.8220E+00	1.8680E+00	1.8300E+00	1.8941E+00	2.0140E+00	2.0470E+00	2.0630E+00	1.9973E+00	2.0150E+00	2.0120E+00	2.0700E+00	2.0120E+00	2.0680E+00	1.9890E+00	1.9350E+00	1.8560E+00	1.9490E+00	1.9160E+00	1.8330E+00	1.8800E+00	1.9890E+00	1.8910E+00	1.8600E+00	1.9410E+00	1.8800E+00	1.9580E+00	1.9740E+00	1.8000E+00	1.9190E+00	1.8260E+00	1.8960E+00	1.8570E+00	1.7860E+00	1.8360E+00	1.8590E+00	1.8720E+00	1.8180E+00	1.8340E+00	1.8540E+00	1.8210E+00	1.7880E+00	1.7960E+00	1.7700E+00	1.7790E+00	1.7510E+00	1.7360E+00	1.6640E+00	1.7110E+00	1.6670E+00	1.6930E+00	1.5901E+00	1.6093E+00	1.6130E+00	1.6140E+00	1.6020E+00	1.5910E+00	1.3233E+00	1.5580E+00	1.5540E+00	1.5348E+00	1.5060E+00	1.5150E+00	1.4940E+00	1.4660E+00	1.4760E+00	1.4540E+00	1.4420E+00	1.4220E+00	1.4187E+00	1.3990E+00	1.3818E+00	1.3694E+00	1.3487E+00	1.3607E+00	1.3370E+00	1.3333E+00	1.3100E+00	1.2830E+00	1.2955E+00	1.2808E+00	1.2720E+00	1.2610E+00	1.2590E+00	1.2566E+00	1.2310E+00	1.2120E+00	1.2102E+00	1.1930E+00	1.1810E+00	1.1800E+00	1.1500E+00	1.1427E+00	1.1248E+00	1.1342E+00	1.1162E+00	1.1160E+00	1.1050E+00	1.0740E+00	1.0715E+00	1.0749E+00	1.0550E+00	1.0597E+00	1.0500E+00	1.0140E+00	1.0110E+00	9.9000E-01	9.9017E-01	1.0000E+00	9.9006E-01	9.6900E-01	9.7600E-01	9.6200E-01	9.4856E-01	9.4352E-01	9.4066E-01	9.3259E-01	9.3425E-01	9.1378E-01	9.2100E-01	9.0143E-01	8.9016E-01	8.9470E-01	8.8540E-01	8.6957E-01	8.7110E-01	8.6514E-01	8.5222E-01	8.4000E-01	8.1854E-01	8.3137E-01	8.2402E-01	8.0200E-01	8.0627E-01	7.8808E-01	7.8526E-01	7.8785E-01	7.8054E-01	7.7512E-01	7.6881E-01	7.6368E-01	7.5714E-01	7.5347E-01	7.4255E-01	7.3133E-01	7.3339E-01	7.2496E-01	7.1419E-01	7.0127E-01	7.0057E-01	6.9722E-01	6.8960E-01	6.8431E-01	6.7440E-01	6.7199E-01	6.6781E-01	6.5848E-01	6.5629E-01	6.4831E-01	6.4621E-01	6.3591E-01	6.3131E-01	6.2468E-01	6.2250E-01	6.1392E-01	6.0728E-01	5.9692E-01	5.8600E-01	6.0000E-01	5.9300E-01	5.8650E-01	5.8342E-01	5.7500E-01	5.6850E-01	5.7250E-01	5.6829E-01	5.7000E-01	5.6481E-01	5.5573E-01	5.4501E-01	5.5032E-01	5.4170E-01	5.4022E-01	5.2928E-01	5.2684E-01	5.3415E-01	5.3063E-01	5.1036E-01	5.2199E-01	5.1098E-01 5.1012E-01	5.1175E-01	5.0561E-01	5.0005E-01	4.8696E-01	4.8962E-01	4.9064E-01	4.8878E-01	4.8433E-01	4.8224E-01	4.7443E-01	4.6896E-01	4.6863E-01	4.5968E-01	4.5535E-01	4.6076E-01	4.5195E-01	4.5192E-01	4.5018E-01	4.4198E-01	4.3594E-01	4.4130E-01	4.4192E-01	4.3543E-01	4.2667E-01	4.2684E-01	4.2278E-01	4.1979E-01	4.1537E-01	4.0632E-01	4.0873E-01	4.0315E-01	3.9421E-01	3.9875E-01	3.9516E-01	3.9062E-01	3.7850E-01	3.8231E-01	3.7439E-01	3.7986E-01	3.7664E-01	3.7533E-01	3.6876E-01	3.6464E-01	3.6683E-01	3.6557E-01	3.6313E-01	3.5350E-01	3.5682E-01	3.5594E-01	3.5277E-01	3.5179E-01	3.4943E-01	3.3896E-01	3.4106E-01	3.4007E-01	3.2920E-01	3.3503E-01	3.3270E-01	3.2772E-01	3.3036E-01	3.3114E-01	3.2662E-01	3.1269E-01	3.1911E-01	3.2096E-01	3.1355E-01	3.0956E-01	3.1367E-01	3.0820E-01	3.0750E-01	3.0581E-01	3.0369E-01	3.0626E-01	3.0172E-01	2.6525E-01	2.9773E-01	2.9140E-01	3.0077E-01	2.8319E-01	2.9028E-01	2.8845E-01	2.8720E-01	2.8786E-01	2.8460E-01	2.8490E-01	2.8263E-01	2.8058E-01	2.6857E-01	2.7716E-01	2.6698E-01	2.7400E-01	2.6292E-01	2.6546E-01	2.6307E-01	2.6042E-01	2.6694E-01	2.6031E-01	2.6381E-01	2.5449E-01	2.5048E-01	2.5286E-01	2.4452E-01	2.5259E-01	2.5002E-01	2.4999E-01	2.4125E-01	2.3248E-01	2.3407E-01	2.4240E-01	2.4149E-01	2.3884E-01	2.3676E-01	2.2571E-01	2.2572E-01	2.2898E-01	2.2802E-01	2.2607E-01	2.2412E-01	2.2252E-01	2.1617E-01	2.1210E-01	2.1319E-01	2.0641E-01	2.1198E-01	2.1081E-01	2.1211E-01	2.0962E-01	2.0539E-01	1.9799E-01	1.9001E-01	1.8243E-01	1.7553E-01	1.6800E-01	1.6000E-01	1.5552E-01	1.4933E-01	1.4667E-01	1.4041E-01	1.3463E-01	1.2950E-01	1.2610E-01	1.1968E-01	1.1673E-01	1.1192E-01	1.0720E-01	1.0320E-01	9.9330E-02	9.6240E-02	9.3140E-02	9.1050E-02	8.7890E-02	8.4640E-02	8.2790E-02	7.9990E-02	7.6510E-02	7.4090E-02	7.1390E-02	6.9640E-02	6.7630E-02	6.5220E-02	6.3070E-02	6.1810E-02	5.9740E-02	5.7820E-02	5.6270E-02	5.4510E-02	5.2100E-02	5.1380E-02	4.8140E-02	4.6770E-02	4.5400E-02	4.4100E-02	4.2910E-02	4.1900E-02	4.0220E-02	3.9480E-02	3.8430E-02	3.7120E-02	3.6380E-02	3.5530E-02	3.4550E-02	3.3640E-02	3.2760E-02	3.2060E-02	3.1180E-02	3.0160E-02	2.9400E-02	2.8810E-02	2.8040E-02	2.7140E-02	2.6380E-02	2.5800E-02	2.5250E-02	2.4660E-02	2.3930E-02	2.3760E-02	2.3150E-02	2.2430E-02	2.1740E-02	2.1180E-02	2.0730E-02	2.0320E-02	1.9940E-02	1.9540E-02	1.9210E-02	1.8800E-02	1.8370E-02	1.7920E-02	1.7300E-02	1.6850E-02	1.6360E-02	1.6010E-02	1.5640E-02	1.5430E-02	1.5050E-02	1.4800E-02	